Route Number: 1106
Drivers: [1987. 1964. 1982. 1448.  282. 1553. 1986. 1974.  276. 1286.  254.  297.
  225.  308.  250.  216.  249.  269.  215.  268.  252. 1452.  256.  267.
 1447.  214. 1542.  235. 1282.  233. 1445.  318. 1512.  230.  222.  280.
  246.]
Vehicles: [     9044      9042      9029      9004      9014      9037      9036
      9025      9030      9032      9011      9003      9041      9026
      9006      9015      9013      9010      9043      9007      9035
      9023      9038      9031      9016      9040 100000000      9022
      9005      9018      9019      9009      9012      9028      9002
      9046      9001      9033]
