Route Number: 1114
Drivers: [ 894.  945. 1021. 1588. 1000. 1910. 1584. 1891. 1579. 2087.  904.  930.
 1911. 1418.  964. 1668. 1346. 1919. 2266. 1645.  940.  948. 1712. 1056.
 1868.  989.  978. 1589. 1375. 1362.  902. 1575. 2302.  941. 2106. 2084.
  988. 2304. 1535. 1917. 2104. 2208. 1710. 2165.  956.  924. 2102. 1112.
 2083. 1109. 2041. 1918.  953. 1336.  970.]
Vehicles: [10131 10098 10103 10134 10102 10059 10054 10092 10055 10119 10087 10121
 10100 10124 10117 10129 10123 10125 10084 10062 10090 10096 10110 10108
 10099 10061 10058 10086 10095 10060 10133 10126 10097 10083 10114 10056
 10115 10128 10120 10113 10122 10130 10093 10111 10127 10112 10088 10057
 10085 10107 10109 10053 10105 10101 10089]
