Route Number: 1101
Drivers: [1599.   41. 1594. 1809. 1996.  192. 2292. 1873.  184. 1995.  182. 1316.
  131.  208.  171. 1122.  149.  146. 1866. 2362.  206.  143.   27. 1601.
  167. 1317.   19. 1622. 1999.  108. 1997. 1885. 1661. 2240. 1659.  185.
 2374. 1130. 2287. 1127.  100.  102. 1609. 2532.  168. 2149. 2534. 1593.
 2293.  135.  147.  202. 2150. 2295. 2359.  199. 1827. 1319. 1136.  127.
 1608. 1600.]
Vehicles: [9132 9130 9173 9153 9147 9154 9190 9131 9175 9195 9163 9150 9156 9172
 9145 9171 9177 9176 9161 9205 9169 9140 9192 9198 9144 9129 9204 9185
 9182 9152 9146 9207 9151 9160 9148 9158 9193 9143 9180 9149 9181 9184
 9136 9191 9155 9179 9200 9138 9137 9159 9141 9168 9142 9194 9206 9166
 9174 9127 9167 9188 9196 9128]
