Route Number: 1112
Drivers: [ 101.   79.   34. 2006. 2533.   91. 1863. 2360.  123. 1614. 2358. 2376.
   38. 2535. 2005. 2003.   98. 1630. 2244. 1845.   70.   14.  138.   67.
   76. 2536. 1377.  163. 2367. 2246.  160. 1884. 1015. 1862.  180.   26.
 2009. 1069. 2290. 2000. 2366. 2294.   28. 1720.  128.   64. 2538. 2245.
 1998. 2289.  923. 1835.  116.   66. 1631. 2001.  905.  918.]
Vehicles: [9060 9063 9121 9075 9087 9076 9089 9090 9100 9126 9093 9123 9056 9092
 9078 9064 9088 9082 9124 9096 9080 9069 9061 9068 9099 9086 9097 9074
 9085 9065 9125 9081 9098 9053 9102 9052 9066 9120 9084 9270 9119 9059
 9091 9058 9067 9073 9101 9077 9269 9051 9054 9057 9079 9071 9083 9070
 9122 9118]
