Route Number: 1118
Drivers: [5.150e+02 4.910e+02 5.840e+02 5.220e+02 4.460e+02 2.217e+03 4.490e+02
 2.223e+03 2.040e+03 2.438e+03 5.900e+01 7.800e+01 6.000e+00 1.680e+03
 1.132e+03 5.060e+02 5.650e+02 2.071e+03 4.330e+02 4.890e+02 1.503e+03
 5.390e+02 1.510e+03 8.000e+00 2.224e+03 2.148e+03 1.791e+03 5.700e+02
 1.200e+01 5.410e+02 5.830e+02 2.057e+03 2.070e+03 1.000e+00 5.520e+02
 5.370e+02 2.441e+03 4.350e+02 4.480e+02]
Vehicles: [    2061     2045     2038     2033     2035     2060     2057     2050
     2067     2046     2056     2051     2037     2047     2031     2034
     2054     2032     2065     2042     2059     2029     2055     2043
     2062     2066     9222     2111     2048     2044     2058     2110
     2040     2049     2063     2064     2053     2041     2030     2109
 11001200]
