Route Number: 1115
Drivers: [2347. 1960. 1162. 1358. 1716. 1382. 2355. 1924. 2349. 1268.  853. 1170.
 1173. 2159. 1165.  806.  877. 1951. 1823.  878. 2398. 2075. 1788.  767.
 1381. 1824. 1961. 1647. 2397. 2158.  361.  799.  840. 1215. 1962. 1557.
 1942.  884. 1267. 1952. 2188.  874. 1407.  813.  818. 1665.  868. 1408.
 1554. 2156.  888. 1208. 2351.  885. 1185. 1963. 1193. 2078. 1205. 1822.]
Vehicles: [ 1203  1248  1208  1231  1229  1245  1200  1219  1202  1247  1210  1214
 10063  7126  1221  1222  1236  1234  1226 10064  1242  1246  1225  1205
  1239  1216  1252  1198  7124  1227  1249  1241  7133  1212  1244  1230
  1237  7125  1206  1218  1251  1223  1220  1204  1199  1207  1228  7132
  7134  1243  7131  7130  1201  1213  1209  7128  1238  1233  1217  1224]
